576606038103951
576606013996694
576605981623479
576605960753642
576605923021269
576605894681255
576605856896973
576605828459245
576605808288386
576605770272936
576605742565511
576605702152760
576605676511609
576605641894977
576605601742390
576605567076116
576605527929201
576605497914130
576605470049208
576605428566984
576605407387742
576605374389063
576605334056165
576605301164925
576605255804858
576605230526097
576605198754274
576605162508308
576605122174747
576605078027238
576605033862465
576604987847196
576604949645224
576604910491038
576604876691619
576604836308895
576604803426626
576604752685119
576604714340167
576604682732857
576604639260747
576604597443665
576604575227838
576604543408956
576604511219398
576604474910531
576604430302845
576604403836672
576604366494538
576604332101432
576604297856351
576604268579071
576604225518965
576604192163627
576604159763224
576604125998945
576604091338732
576604072196419
576604020714295
576603981385369
576603949840197
576603913493371
576603881707735
576603837519141
576603796168892
576603729609126
576603695707895
576603656079933
576603343262350
576603304432069
576603255794923
576603215509256
576603162863031
576603107648406
576603084241097
576603033576988
576603002263196
576602961589168
576602910579306
576602875054839
576602825606951
576602795005264
576602738622836
576602685196266
576602641803638
576602612079049
576602568520995
576602529542583
576602484734052
576602462765864
576602411151022
576602367495925
576602326059260
576602258669742
576602208391701
576602155159036
576602087807217
576602026033263
576601960132684
576601905061235
576601863818702
576601806886330
576601765242114
576601723074186
576601680417751
576601627115034
576601594539071
576601540927193
576601478413399
576601441553982
576601387905607
576601335953551
576601293632631
576601239172462
576601183142634
576601131094374
576601076252059
576601018489879
576600964746152
576600905643545
576600865284335
576600823551429
576600757152856
576600688557027
576600635607064
576600585903044
576600531022109
576600489920200
576600426769356
576600374076242
576600322650476
576600274577857
576600201851824
576600160335715
576600080720764
576600051182439
576599997059745
576599947621181
576599887097261
576599818842987
576599753222096
576599697679544
576599650149644
576599567449290
576599471869720
576599415382203
576599073656487
576598993099749
576598945393110
576598855932751
576598787683505
576598728810025
576598659808668
576598622145271
576598526009506
576598437192404
576598303435998
576598240968146
576598178181502
576598098754399
576598019504913
576597915214913
576597825790488
576597721523745
576597632163154
576597551410293
576597501330845
576597426048973
576597328653777
576597226820348
576597165595201
576597079331490
576596958994154
576596864224031
576596775054868
576596692515386
576596617560170
576596524517506
576596411531347
576596317182099
576596209346859
576596108092965
576596024879398
576595919898072
576595832995999
576595702414701
576595604053680
576595507127355
576595381306872
576595303220126
576595170148570
576594755477595
576594605573970
576594486401783
576594386408520
576594227999718
576594051230472
576593909081412
576593697515425
576593496470494
576593342773297
576593145810026
576592960803856
576592772917944
576592601111815
576592431429174
576592279806990
576592125437128
576591959124854
576591794915378
576591634795246
576591474405014
576591327257293
576591166711873
576590964268993
576590380213661
576590102342563
576589738516837
576589431141812
576589161394838
576588829887404
576588406245940
576588178131461
576587909728420
576587709319025
576587457566685
576587181579776
576586969936453
576586745225081
576586173219140
576585797938856
576585549112535
576585178444537
576584970778324
576584596306218
576584300916035
576584064058416
576583791318394
576583449860118
576583161416084
576582888370405
576582596049620
576582408417750
576581895846097
576581696359919
576581513389694
576581267468756
576581029471184
576580850125907
576580598427809
576580393285346
576580160288876
576579873648839
576579546346421
576579259798653
576578941644250
576578659988123
576578348774138
576578076061960
576577570232453
576577373743846
576577127630200
576576955283410
576576715180291
576576590640957
576576386615537
576576237155703
576576143861743
576576030103893
576575861831947
576575755092791
576575627009977
576575492946333
576575348735417
576575206770695
576575047859180
576574947204972
576574823410478
576574664834434
576574581708152
576574473678529
576574329820904
576574181100362
576574049093333
576573894594041
576573827890297
576573635936785
576573262673408
576573108716021
576573010197221
576572880855783
576572721546154
576572561923986
576572461800605
576572321065510
576572217545750
576572120795836
576572001389623
576571883979685
576571750189442
576571595876417
576571496916715
576571429229521
576571342754365
576571259531357
576571177103958
576571062526861
576570958133651
576570785629407
576570694735218
576570593905590
576570478390921
576570396804236
576570284399425
576570207679967
576570084210490
576569946958831
576569827315965
576569686210331
576569570370825
576569450405509
576569333804856
576568975709352
576568809040926
576568694325574
576568584976528
576568485036500
576568379032702
576568306079576
576568236332314
576568143294119
576568063510445
576567983681334
576567902229449
576567798473620
576567675096939
576567589602023
576567514040469
576567432525893
576567337774347
576567244969346
576567158005579
576567043849614
576566975089817
576566892184089
576566816073740
576566766337813
576566715119608
576566634735004
576566561135406
576566492186862
576566428741036
576566361034292
576566301512512
576566225377937
576566133709046
576566083806954
576566016663565
576565959573769
576565887605004
576565817073969
576565719726697
576565626865619
576565566700800
576565509428091
576565447748885
576565365762917
576565277040666
576565188876074
576565108539478
576565037175070
576564691539755
576564591188933
576564496681254
576564419949976
576564347597304
576564283294354
576564206543751
576564073721656
576564000346469
576563928896759
576563831933549
576563742827976
576563662616785
576563574737147
576563515293941
576563418405796
576563366716426
576563291439847
576563201709266
576563139339075
576563090473649
576563025870836
576562943630540
576562882433560
576562790220088
576562706743893
576562653801628
576562602350739
576562539204831
576562456506525
576562377470749
576562297250289
576562221483166
576562165452658
576562114203128
576562062747191
576561959929435
576561897410149
576561831534452
576561748060398
576561650722586
576561582726467
576561519719716
576561475102271
576561420268942
576561353801865
576561283270852
576561232779684
576561180220610
576561114481358
576561057597900
576560992497270
576560916707953
576560863659693
576560800939877
576560743791849
576560420320973
576560371207662
576560307770868
576560255285916
576560200221798
576560120237257
576560058066972
576560009941847
576559942393225
576559902232534
576559825402664
576559757698802
576559702223398
576559640782218
576559600940409
576559559098517
576559514872978
576559456210903
576559415968290
576559355277143
576559305767506
576559247963168
576559185812399
576559144377495
576559098198208
576559046762861
576559004877539
576558929239565
576558879222859
576558835291605
576558775480714
576558725159171
576558674143229
576558615112189
576558576936736
576558531635255
576558459300641
576558403029722
576558348673249
576558305294810
576558250642148
576558201777736
576558149833712
576558101919284
576558031484679
576557973829792
576557927162934
576557864902153
576557797993571
576557731730507
576557670740576
576557617911037
576557577406504
576557513843879
576557464051668
576557398726674
576557338438832
576557282598070
576557219663369
576557175623305
576557116620338
576557076493293
576557015134062
576556955804839
576556894754997
576556822421033
576556751432058
576556649942622
576556580155307
576556498255653
576556413222862
576521737547578
576521680682131
576521622090724
576521545422806
576521500372062
576521467247187
576521407569934
576521340418488
576521265167112
576521215902223
576521164740763
576521126913162
576521072834189
576521017688082
576520981362155
576520925652345
576520878967285
576520833943983
576520788771961
576520732854480
576520691625189
576520642009580
576520577821228
576520516316946
576520467892506
576520417063094
576520387688558
576520327859367
576520278600775
576520233533356
576520184138700
576520125231275
576520091469836
576520052322476
576519979435309
576519925185602
576519875735529
576519818130817
576519754170040
576519689138429
576519641765830
576519584507738
576519524281244
576519475918160
576519415256713
576519358543904
576519290703424
576519242287565
576519201779155
576519133209831
576519057686754
576519002502202
576518939533526
576518859310585
576518780519092
576518723422625
576518647290897
576518541038169
576518405626065
576518351003163
576518315703742
576518255917916
576518203849013
576518159687367
576518098202981
576518039969149
576517950545081
576517892113026
576517834827636
576517791954007
576517450563073
576517395218716
576517325009778
576517235606062
576517173306354
576517112219035
576517052395805
576516988303107
576516931687273
576516867495186
576516789954242
576516693074360
576516632483718
576516585309183
576516520559382
576516473253496
576516386211833
576516321645880
576516235593562
576516161737637
576516078170169
576516036732150
576515984743944
576515918723559
576515853784081
576515791883263
576515763889630
576515698729016
576515646328162
576515594388014
576515553813752
576515494307411
576515443152136
576515410252142
576515366869424
576515323852319
576515289473009
576515257983592
576515209206448
576515173950026
576515125387531
576515080578980
576515029374424
576514992721382
576514952146936
576514909961867
576514878073922
576514843012769
576514809905240
576514771063278
576514740129396
576514698847372
576514655442022
576514618526920
576514585382920
576514538729848
576514511786130
576514480031408
576514432809465
576514385732990
576514351535555
576514319110888
576514281182198
576514242799324
576514188494940
576514162166238
576514134895902
576514102409783
576514069417349
576514034228290
576513989408026
576513960685001
576513908211002
576513849332642
576513808158768
576513755451287
576513716953845
576513673062517
576513602554372
576513555021858
576513497343946
576513179381911
576513147707992
576513112683137
576513064290754
576513039229553
576512992110923
576512943552038
576512892922976
576512861443146
576512824531172
576512789526503
576512756189290
576512735508195
576512691255546
576512642865699
576512608791548
576512567558053
576512524671586
576512474227206
576512437063948
576512395082744
576512364622457
576512337517781
576512296409988
576512245347358
576512223025399
576512177475302
576512131684205
576512096112218
576512076177246
576512039749424
576512012853263
576511953123302
576511920545333
576511884475139
576511858030746
576511817622215
576511788047230
576511755469262
576511720073862
576511678751009
576511657965680
576511621213738
576511584929934
576511556915646
576511515521068
576511477691457
576511441535900
576511410054649
576511370093577
576511327764653
576511281415063
576511249402949
576511210023221
576511162807135
576511117214590
576511076969143
576511036142573
576511005657662
576510969167953
576510947558884
576510911680644
576510871620069
576510826959950
576510803894619
576510781781255
576510739151002
576510669972928
576510634852577
576510602470038
576510576924937
576510552145293
576510521243296
576510491673008
576510462020513
576510430426004
576510395498214
576510346396002
576510308254244
576510261040163
576510240030313
576510203447893
576510153085259
576510122383874
576510092761836
576510053438019
576510017032705
576509982056413
576509945793930
576509908797731
576509881693129
576509851468849
576509807583340
576509762319814
576509723341321
576509692961869
576509643238279
576509592006746
576509544954339
576509509679681
576509461436571
576509426346235
576509385186757
576509336377396
576509290741311
576509254363703
576509215787892
576509177888056
576508863741836
576508819338666
576508778355229
576508738836092
576508696311243
576508648364599
576508602284162
576508551429547
576508501285220
576508456503018
576508400200901
576508371001199
576508332668034
576508281815690
576508235961206
576508201089197
576508160470124
576508114857793
576508049767308
576508006302262
576507974377909
576507928731537
576507880289558
576507840259374
576507793783359
576507755889017
576507714762431
576507674600757
576507640272368
576507601642770
576507567945177
576507531882826
576507479604035
576507440330443
576507402132006
576507365261464
576507321184713
576507288362339
576507248914555
576507221775920
576507167726328
576507122459452
576507093463239
576507051351053
576507007623276
576506967218184
576506937226581
576506870491182
576506825613229
576506773671285
576506733258325
576506702567668
576506662498791
576506626587845
576506590762870
576506535955137
576506501423085
576506469139499
576506420224973
576506373166477
576506337596875
576506303434738
576506261763319
576506231357798
576506199641509
576506154401886
576506111306768
576506067063265
576506035011024
576505989182546
576505946153922
576505906142161
576505855991587
576505803382497
576505771898959
576505727258095
576505694466724
576505656042875
576505636103471
576505595272593
576505556637029
576505524102152
576505489654032
576505452012121
576505416315795
576505378626199
576505344094263
576505293546383
576505259721783
576505213937459
576505169833636
576505123608372
576505094832179
576505056105470
576505013953520
576504968855392
576504925156798
576504898101562
576504583205877
576504560599911
576504535290947
576504500165418
576504480067887
576504436205847
576504391205029
576504359347758
576504319187317
576504292120043
576504256642706
576504229211701
576504192934181
576504163483529
576504114223638
576504086375472
576504066098102
576504032952811
576504006024174
576503966441450
576503931934301
576503894081590
576503869621681
576503840991128
576503813965027
576503774148118
576503744999072
576503703484711
576503671038943
576503629534902
576503587457676
576503535165445
576503497907695
576503462636457
576503417654656
576503385980817
576503349919967
576503316867927
576503274815087
576503238530661
576503217054051
576503184394799
576503139166643
576503104771391
576503077932561
576503040294166
576503008410329
576502976606109
576502948643399
576502924818111
576502892693508
576502867922418
576502833164875
576502790426566
576502755628369
576502729263087
576502703483655
576502676491693
576502647270038
576502618717923
576502595449739
576502562608709
576502534459891
576502510029145
576502484105253
576502458698315
576502424230078
576502393824159
576502368329448
576502346447453
576502323109904
576502279330747
576502254340966
576502224186348
576502191446404
576502151456978
576502120401394
576502083677087
576502038829352
576502004250038
576501976692485
576501935608275
576501899305914
576501874481011
576501832593314
576501794123869
576501758391570
576501722884080
576501682341239
576501640047990
576501606206181
576501569699056
576501546807478
576501504229468
576501474374063
576501438299302
576501399815698
576501355066883
576501301425786
576501281223379
576501253892914
576501214498052
576501185344312
576501159025476
576501127060478
576501090443121
576501065061284
576501034962275
576501008138015
576500968851132
576500930371532
576500893235769
576500858810188
576500825498056
576500798530820
576500763017572
576500731977232
576500691211381
576500645008096
576500613630931
576500584342787
576500276496719
576500248300563
576500203477333
576500163213242
576500142511714
576500096326847
576500060614669
576500028131936
576499989894361
576499951636141
576499921537034
576499878219723
576499844767992
576499814613192
576499773775818
576499743476194
576499708534662
576499683976877
576499659559701
576499627562731
576499603585754
576499580082437
576499541489752
576499515067768
576499481059122
576499451502375
576499409976180
576499388579877
576499358011736
576499335581938
576499295878759
576499264076386
576499227448577
576499197341828
576499152545258
576499118287633
576499072687267
576499025238748
576498998510064
576498958195282
576498937885289
576498906322040
576498870350159
576498845487531
576498819363328
576498782496489
576498744881401
576498713167415
576498683072750
576498659357004
576498621099269
576498592071347
576498555003485
576498519974944
576498499115515
576498461742861
576498419502571
576498383406546
576498351403992
576498329401056
576498300138084
576498268123929
576498240655631
576498205081677
576498177619953
576498159466457
576498126192797
576498103921630
576498060812812
576498039034249
576498008738863
576497973813451
576497930495075
576497905714775
576497875636202
576497850358278
576497824897555
576497789041899
576497744880382
576497721968420
576497685160846
576497657341014
576497616447507
576497585374869
576497563133814
576497537562516
576497513320737
576497473142303
576497441851635
576497400292023
576497365643065
576497332349009
576497308228222
576497288730842
576497259574881
576497222587917
576497191415446
576497163060853
576497137574231
576497113957387
576497087099301
576497058004766
576497034598606
576497003416884
576496964282231
576496918798998
576496870677876
576496838458730
576496802175121
576496763099358
576496729666957
576496673944243
576496629289154
576496600887942
576496564638168
576496529423638
576496489624638
576496446522783
576496408245256
576496375323337
576496348073659
576496309025853
576495993338674
576495962129857
576495920636667
576495883829528
576495839554774
576495804436775
576495769712473
576495736480549
576495709497513
576495665511560
576495635482586
576495601737095
576495568060084
576495542933071
576495513436105
576495482470334
576495445454044
576495410768811
576495377274449
576495347206211
576495289022793
576495260717829
576495226176179
576495189668617
576495155444252
576495129392257
576495099241123
576495074559379
576495036676545
576494999878704
576494957725170
576494923668184
576494876820534
576494852429402
576494823467657
576494786133771
576494746231465
576494711256436
576494688787804
576494657333472
576494638975552
576494605736055
576494572369502
576494554188740
576494518472123
576494491841829
576494453059447
576494430386013
576494406050577
576494363074958
576494335416413
576494291817411
576494261957069
576494229622151
576494182298166
576494145471766
576494112487890
576494090253003
576494059798598
576494039499007
576494011498291
576493978076588
576493947821947
576493912670792
576493891914493
576493874082070
576493843609445
576493817799336
576493782294426
576493745792737
576493710024863
576493677346009
576493653353806
576493622412937
576493590561636
576493560621407
576493523079625
576493501669657
576493484790474
576493445645417
576493414059528
576493387048022
576493351497916
576493316748805
576493290362349
576493251409572
576493215978935
576493180468467
576493155621512
576493135881918
576493106435228
576493068738224
